926,1135
355,711
1364,781
551,433
551,730
1034,226
875,78
1218,843
247,468
1184,973
1364,1064
1247,912
1111,399
630,90
272,1042
890,938
444,515
179,628
774,214
298,457
1234,205
609,686
1229,75
1304,942
10,334
855,510
637,277
1091,908
1301,74
800,48
59,563
59,198
120,794
807,643
1268,898
944,349
59,749
272,915
870,675
944,297
990,1093
1397,588
509,689
400,558
352,963
582,363
415,749
1231,157
40,117
783,348
1143,1111
1019,582
7,809
1444,678
671,513
668,986
600,240
509,1117
944,387
52,458
376,793
965,889
59,226
15,149
1340,606
78,437
1011,823
707,1115
295,633
1151,768
716,417
985,862
1081,7
36,395
1095,677
190,555
1235,166
132,1135
1032,129
1365,549
826,931
956,198
904,194
247,735
649,457
201,808
944,152
551,704
551,295
59,682
1134,930
551,510
910,741
170,931
697,431
1316,173
1303,330
340,443
59,430
985,129
1005,739
646,540
600,406
944,196
1035,647
694,599
848,879
11,1092
1268,876
1242,487
413,720
317,1050
921,795
649,851
791,577
251,608
744,1004
116,7
1135,458
551,1039
551,597
1219,587
717,376
600,781
949,220
668,1107
461,591
125,952
661,1027
1045,129
710,972
386,276
1069,1025
829,769
1402,923
551,587
467,144
203,355
59,914
1438,492
551,503
152,327
83,1010
318,5
551,914
230,740
1430,285
85,766
494,355
979,663
1353,109
274,494
921,182
560,48
463,581
637,792
331,307
304,190
910,825
668,432
230,756
1364,818
706,574
138,786
9,469
413,929
1364,914
298,354
1173,646
940,860
531,193
145,162
957,936
944,434
298,1104
597,143
952,1075
459,768
247,889
1444,1059
85,1124
62,1109
1464,53
1132,328
88,257
71,777
152,120
526,1122
582,881
876,514
116,372
272,324
782,21
59,707
597,544
277,746
597,530
990,462
454,259
1019,669
116,346
272,801
234,382
1204,209
229,885
551,894
247,626
1209,1039
241,308
245,883
23,828
1014,753
234,505
1183,24
766,942
1436,427
11,249
597,690
106,107
1246,985
59,853
12,459
298,948
259,1010
1364,973
141,27
1081,743
1019,972
814,706
272,574
1413,88
582,776
1021,194
1104,117
589,635
287,792
131,53
247,924
1069,20
1415,976
743,1061
551,150
71,223
551,622
13,756
1208,688
582,258
338,975
586,1104
252,1055
1261,700
1256,786
1459,13
338,164
512,1038
1143,595
116,691
1188,145
241,716
1086,295
254,958
1427,1068
293,142
957,991
247,310
127,827
197,405
1118,170
1262,1132
1262,135
1317,629
1091,783
461,961
479,179
1191,357
551,461
219,1037
1192,632
1015,876
980,1036
1289,1038
406,741
229,726
184,110
1364,264
138,147
538,523
298,627
59,358
1364,1022
921,677
1066,411
1404,80
272,579
1143,304
1338,242
59,310
70,186
841,700
147,1059
1239,1098
436,373
1024,619
597,736
41,715
944,26
116,164
260,584
251,873
582,954
870,564
84,38
722,252
1062,1023
1063,1015
120,700
705,601
1273,533
944,1032
272,792
1041,132
944,532
338,870
1266,594
551,1023
551,857
548,344
629,119
576,754
582,1027
806,1104
305,696
721,650
201,301
272,704
286,907
716,710
714,1035
817,462
1363,193
1074,214
292,221
535,646
1415,635
596,530
1213,117
726,60
813,558
1268,727
985,1063
420,506
1202,925
247,689
857,974
338,318
962,312
551,972
55,229
937,122
1232,535
247,30
529,63
505,381
529,574
444,29
247,512
127,740
1152,379
1402,1059
798,200
317,1124
551,674
1081,652
1063,849
298,324
212,921
1457,68
1049,882
247,608
1358,38
57,756
816,462
979,26
749,535
944,366
959,298
551,497
62,1094
707,852
1081,358
125,867
201,219
1022,222
214,63
1364,628
709,375
1422,808
819,249
1018,450
141,809
294,731
979,211
957,722
1364,716
1074,730
125,738
272,100
55,392
503,348
272,550
1385,222
549,473
334,773
332,430
2,438
944,493
459,677
84,133
679,666
823,705
338,98
692,62
1304,189
145,674
730,116
1386,684
1356,205
403,622
430,763
37,294
567,1049
1019,565
338,1136
1199,993
853,76
141,313
985,724
72,1025
944,742
943,391
946,976
127,753
443,391
1292,1081
459,564
1182,681
783,1127
1429,120
59,1027
816,69
756,1027
127,814
490,64
298,343
732,693
531,1018
551,499
347,754
298,405
853,952
857,114
1314,383
1419,176
59,658
298,275
944,277
979,34
424,438
247,682
138,695
1283,1053
853,517
527,937
885,971
926,354
272,857
743,865
1164,970
459,169
1218,356
1465,756
1097,168
379,1069
1014,199
605,434
1328,66
1366,298
272,114
224,689
1354,55
211,631
743,338
962,397
408,116
1086,1138
327,1111
1303,414
697,881
1055,420
733,701
330,227
88,476
1364,712
957,778
634,149
1053,285
403,975
1191,639
59,473
1087,153
112,444
1419,655
1470,448
627,529
413,162
84,147
432,624
1005,451
1260,1073
943,722
138,408
1182,981
1172,1130
247,810
534,508
1398,119
1419,428
893,830
916,270
1036,730
1396,522
551,1093
1142,699
1004,892
1263,360
907,719
59,331
1144,177
957,564
272,57
298,582
1111,81
640,334
516,415
551,128
1240,748
48,977
582,654
870,1131
151,367
576,660
979,456
286,887
551,195
1094,689
890,645
962,538
1438,237
271,29
579,1129
597,116
652,717
1364,433
470,896
55,765
797,809
791,36
1364,686
605,642
317,404
40,15
373,162
413,945
637,721
1218,27
1256,656
738,524
247,412
233,428
1391,1056
1168,297
738,980
1174,583
315,192
1098,299
1275,786
692,505
1230,880
546,645
403,499
805,301
694,215
551,34
637,324
944,117
1463,876
396,438
298,592
649,935
694,827
338,962
1197,882
551,393
672,1120
670,195
670,783
1136,332
116,912
418,1110
1210,597
717,650
1230,754
940,80
272,278
11,876
1176,859
783,432
765,644
582,556
35,908
551,139
944,516
415,518
1068,1007
852,456
1444,523
11,740
1126,623
1172,1058
59,377
1364,567
413,324
38,72
1020,342
188,90
827,577
1111,638
673,936
1375,694
272,377
330,939
247,514
1204,617
551,651
419,975
559,332
204,173
1352,894
1378,875
106,947
939,1037
378,353
804,592
230,651
668,98
294,517
34,82
647,500
915,587
272,611
59,936
1218,3
1224,110
870,434
944,633
872,247
600,355
551,915
551,787
1325,203
1421,180
979,336
459,64
260,932
853,354
334,468
827,919
59,698
464,247
1121,599
673,457
944,901
551,1090
1355,349
318,610
1081,368
116,208
1246,108
701,373
287,363
505,509
198,505
582,368
607,257
1450,346
59,89
143,756
138,285
551,324
966,1004
703,1121
1294,472
674,1027
1419,797
714,600
681,639
199,619
892,820
59,182
1329,996
338,1019
145,11
910,771
668,561
666,485
272,456
62,78
1310,871
1478,157
292,349
1075,439
320,509
694,247
490,836
921,767
272,983
492,211
1009,204
586,38
1376,1056
338,791
738,1008
390,459
219,898
516,259
376,594
1365,179
632,90
10,859
410,648
88,1002
1204,841
247,858
44,1018
1364,672
499,565
1329,172
1237,124
903,222
298,930
286,247
1323,1040
582,1115
1438,217
1413,786
507,892
440,344
782,523
89,114
1182,754
890,871
586,1025
1101,1113
987,112
323,198
369,1044
1233,312
1121,802
1153,803
721,22
128,160
569,498
600,778
1280,44
761,107
1032,448
922,437
551,117
1385,209
717,187
823,122
990,599
818,722
549,1075
59,228
969,291
490,247
1304,73
1156,752
387,85
1126,789
637,363
113,615
906,266
859,64
59,847
145,306
1157,754
352,657
1,274
26,70
1019,1066
1060,259
180,582
1403,85
996,754
969,759
551,156
859,125
524,861
459,28
1030,758
551,706
550,180
459,623
987,899
52,671
1449,887
304,481
401,143
944,586
712,808
1364,1091
628,613
921,585
298,369
969,1092
600,1108
582,1084
1085,1120
1364,917
1173,245
729,356
1236,247
572,942
293,932
572,388
105,964
272,531
212,735
467,287
963,895
55,594
272,34
1247,552
915,849
923,322
303,219
931,665
979,1049
1101,974
59,822
582,1116
1068,809
706,172
338,737
85,962
717,986
582,495
252,270
272,1
732,103
394,1135
286,806
551,908
498,179
1184,713
1147,979
47,1015
1081,967
1143,250
551,646
504,841
962,623
1139,1128
1318,195
59,893
179,604
1449,606
1016,807
1419,117
272,294
415,430
85,214
582,76
914,392
11,813
631,955
1329,790
298,660
1439,431
645,724
551,354
9,920
1405,1052
551,237
456,210
853,860
1426,245
551,996
1177,252
1424,986
145,1009
795,435
1081,135
413,935
377,75
499,681
1414,894
637,559
985,391
703,990
138,128
551,267
272,799
287,663
700,508
582,716
582,484
870,806
1167,262
384,644
957,260
212,144
1103,917
89,1086
1377,540
755,205
853,279
800,703
919,149
84,416
338,790
1329,211
979,480
272,1064
384,826
1286,1069
856,371
236,593
222,535
695,810
415,38
116,111
292,209
1086,26
600,648
1154,349
365,168
1461,841
962,1100
597,8
338,478
1197,781
1161,1010
853,221
54,935
597,583
515,1057
803,19
403,589
15,557
70,506
372,372
415,249
415,466
490,422
551,783
116,479
925,235
1454,756
1461,594
551,76
907,819
611,177
499,370
4,669
97,318
671,163
59,529
582,453
1268,792
461,930
582,1050
1359,2
413,208
137,202
799,1132
979,761
964,249
302,469
354,574
1081,720
34,89
799,584
321,608
296,469
1264,51
940,414
1303,466
1317,906
85,397
323,1025
393,221
701,1012
230,1071
591,557
944,1
135,482
247,998
91,391
490,920
551,422
247,813
944,675
458,198
990,524
55,464
59,381
247,422
436,156
612,1069
551,296
944,104
1126,6
962,301
1081,713
910,19
551,781
272,825
653,421
551,544
944,209
901,1047
637,935
979,1086
1465,384
1303,1097
212,690
962,85
337,298
980,990
295,904
976,745
120,234
1414,1092
551,890
551,92
1295,1136
1457,798
1177,174
415,813
605,661
621,638
78,875
824,110
294,862
902,875
1449,963
1042,378
631,487
543,157
611,251
1166,1055
1151,444
338,339
114,96
944,686
979,704
9,140
1237,933
272,637
1081,371
721,69
1364,1
499,461
793,637
371,1095
777,84
738,491
701,1134
74,1090
116,184
1237,51
637,44
138,597
58,505
120,856
668,668
116,904
582,47
243,800
979,146
272,425
1176,938
298,465
1049,953
380,1113
11,930
1364,814
853,316
824,521
1204,579
957,805
298,1002
551,79
406,770
582,1056
15,256
384,598
1197,724
582,525
1080,700
723,969
114,301
885,774
52,527
1358,330
415,661
551,312
1438,370
1441,137
413,430
164,319
403,910
232,872
795,560
12,689
914,635
1352,913
2,110
116,853
1364,976
295,813
723,51
478,875
272,746
272,1086
91,743
723,708
910,573
437,1133
551,563
979,438
582,106
1031,117
752,647
504,594
970,1023
116,274
247,1134
858,621
572,550
272,599
1281,27
515,411
272,567
29,18
1290,23
865,1027
1209,409
1411,797
848,849
582,712
464,1107
139,878
1344,1007
1095,115
1403,535
551,642
1218,809
1003,301
870,414
1062,56
415,286
18,216
24,708
11,16
8,882
116,862
1398,454
272,781
1242,160
734,597
338,47
668,176
1124,557
37,601
256,831
1353,524
685,79
1088,427
233,233
1225,311
490,615
272,716
456,81
626,372
645,797
813,856
1291,74
272,773
944,64
582,700
418,1111
739,574
446,850
243,248
1005,541
1161,349
1242,655
1007,551
727,971
765,826
1327,931
475,809
1465,552
205,501
582,827
853,857
989,535
1268,59
551,306
1171,379
1097,274
706,575
459,236
1475,1078
962,1011
247,562
707,1080
55,604
882,285
262,103
853,537
412,785
1438,490
783,865
1438,272
668,272
859,300
1164,187
400,243
1451,445
582,661
247,191
1074,605
72,941
1139,942
559,1093
990,439
212,580
272,839
631,932
597,678
1302,414
1465,60
1353,684
897,1028
910,743
805,7
597,1050
661,77
85,434
621,877
731,209
172,586
116,629
582,154
1164,714
639,94
1190,211
1072,1010
1056,919
340,56
569,552
490,1132
361,1008
338,183
827,797
84,48
1175,1041
962,664
706,686
18,354
506,791
153,371
247,202
1441,144
551,633
551,778
620,251
145,441
637,539
1282,541
19,638
1364,415
11,710
1364,502
322,591
962,1074
910,1056
757,892
972,1104
338,409
1302,363
241,149
906,440
551,1086
551,482
114,9
146,104
866,957
1179,1132
1455,961
324,491
853,555
551,106
734,941
272,544
339,178
391,624
945,387
743,609
85,6
758,846
989,631
1398,419
304,799
448,376
261,581
318,281
1365,1010
886,417
1019,738
1204,1085
53,149
944,35
116,648
34,51
514,509
551,415
1242,658
94,818
1475,1029
88,171
1005,672
387,471
582,342
247,1017
551,193
421,319
600,456
471,375
64,71
101,309
1364,85
272,163
1472,178
1364,333
344,754
361,236
447,209
582,162
551,531
783,243
51,650
263,160
219,717
1232,476
361,1105
247,724
551,388
146,668
1163,898
272,12
247,845
812,125
1200,149
116,174
944,1070
944,628
316,29
365,238
59,406
1136,933
582,274
609,756
581,523
289,343
795,355
116,211
383,653
298,1004
698,1045
587,440
127,363
853,67
439,198
962,561
910,576
944,984
1319,63
272,769
114,198
272,254
1288,773
743,572
59,1006
962,108
116,674
1204,272
247,331
145,945
600,289
11,373
81,23
298,216
841,7
660,595
118,140
367,725
76,379
735,259
493,763
116,1093
59,921
305,1111
637,766
247,962
785,188
982,442
605,959
587,600
247,985
1066,591
1216,321
1450,192
463,736
1180,743
127,1011
405,5
738,681
531,651
944,158
1341,556
957,469
316,5
372,148
957,714
783,573
894,912
944,490
343,1135
301,718
1230,153
118,461
1087,234
1081,1107
116,727
881,942
1348,960
1005,448
1416,563
242,23
164,666
390,494
1351,354
1303,972
59,300
833,1088
272,525
659,767
926,540
932,886
1026,88
637,35
878,1135
979,1091
597,578
701,155
13,181
370,13
763,884
247,234
322,180
612,807
1141,593
1283,50
791,1073
909,546
1172,878
1033,226
1438,958
230,818
957,47
1364,801
1131,704
272,761
1034,302
1360,674
1232,414
218,963
298,329
813,329
582,792
251,408
286,117
739,582
387,968
418,582
582,814
987,903
1414,823
944,752
1288,436
272,391
176,595
818,778
962,806
621,63
1364,106
1369,807
91,757
551,277
1025,703
1469,77
1020,421
247,40
957,307
738,796
1059,1062
718,620
1163,574
1416,629
338,54
247,680
247,658
426,307
962,462
1329,683
272,497
459,852
524,952
252,351
68,382
551,912
20,434
1185,957
1364,335
464,872
1121,989
87,1062
520,182
623,990
1055,689
551,807
1161,1057
1364,481
696,61
1190,373
57,309
879,775
1356,184
1068,823
921,987
1442,405
1018,1099
1111,978
200,636
268,9
1388,524
1112,188
505,1079
1113,73
869,885
234,391
1385,966
318,745
1268,364
1440,689
91,342
765,49
940,371
919,789
338,844
486,655
313,495
551,686
775,93
33,1065
551,846
35,113
1254,25
865,911
298,694
287,1080
415,228
1221,772
984,712
1139,82
970,823
15,539
962,816
637,856
211,1063
298,807
517,983
1303,167
346,284
484,809
1014,368
512,378
765,1048
990,7
323,400
1234,873
1463,179
1144,768
614,892
56,535
859,946
637,403
1465,348
178,910
180,525
59,782
848,887
138,711
551,196
1126,1063
944,166
522,960
1115,750
298,597
1353,848
551,975
338,723
84,317
961,1001
249,619
1364,799
566,306
718,97
1221,62
944,371
120,804
1005,144
9,1
1039,773
1002,761
749,1093
458,875
310,744
710,549
870,970
600,162
35,962
926,233
11,696
853,302
979,497
496,665
1352,249
47,709
1086,448
273,221
551,538
637,144
1356,183
523,347
70,271
1247,190
1000,296
138,1026
582,541
827,190
508,941
615,121
116,517
735,770
805,187
654,985
27,791
18,864
298,697
175,512
1303,522
286,719
551,860
475,687
413,121
338,243
557,395
1441,577
11,912
265,45
1190,705
649,1043
247,377
91,195
940,720
551,160
1368,369
459,286
38,1104
256,1001
649,1118
582,241
260,120
832,578
1457,845
853,97
219,792
1438,860
926,221
551,228
1408,102
379,603
1179,985
387,740
338,575
119,20
427,756
1245,415
201,252
485,553
1135,142
985,615
1415,226
272,457
387,711
415,782
817,39
298,376
219,420
338,921
338,798
611,933
1207,990
59,608
1465,524
387,584
59,258
272,924
1197,706
145,336
524,522
587,235
1083,891
1034,9
247,499
1439,616
938,850
1434,679
338,72
711,922
1315,1137
1438,1012
783,285
916,476
1005,307
1139,1094
1182,119
445,208
116,587
582,481
413,329
1096,209
1009,689
996,771
551,390
247,361
551,842
943,155
958,537
551,638
79,964
1364,612
1364,629
272,900
962,182
298,1010
1062,51
1268,264
441,1003
272,312
944,1000
55,260
1318,350
731,524
620,51
551,902
988,578
551,416
1088,462
247,38
551,71
926,373
590,171
483,971
1364,354
738,569
1080,932
58,62
551,711
1148,783
918,1033
944,390
985,234
1204,763
59,830
59,668
1306,294
765,685
1019,1006
392,809
1041,562
29,195
921,528
672,492
1014,287
158,252
582,517
1008,535
272,96
1315,968
116,603
126,7
1037,1034
338,668
59,531
859,566
354,1127
519,139
247,130
1478,381
352,198
758,788
1464,58
1149,891
1355,156
59,694
738,690
247,881
116,78
590,610
671,332
582,640
663,1033
1076,1089
116,1015
490,910
116,681
1033,861
116,1092
11,497
173,214
551,97
298,775
1301,369
490,632
531,164
1439,577
582,656
551,861
11,769
723,918
1449,293
1273,70
419,888
582,401
432,279
298,433
295,747
422,956
365,470
415,473
1364,1087
551,64
1303,723
634,183
59,1070
672,903
342,493
1118,1015
1364,888
415,19
1444,375
1084,78
29,169
419,337
925,659
1008,26
305,815
1100,492
1156,88
126,378
247,621
1234,634
247,751
944,536
1372,142
1151,618
415,134
1029,840
504,273
894,133
27,682
867,868
705,493
701,768
1364,154
944,609
948,597
174,1072
962,1122
298,430
1184,531
398,768
219,976
141,867
989,99
1026,879
490,81
574,779
1234,746
180,533
384,1048
11,336
773,1035
1364,909
55,417
1115,3
650,719
705,240
1081,70
528,298
91,433
298,709
727,78
472,224
81,209
637,301
1041,289
705,787
1352,207
1134,627
646,751
352,812
902,770
59,47
1000,503
459,894
586,257
995,779
367,784
1407,398
649,1109
1419,221
1327,208
1185,106
618,464
65,2
1063,532
1357,915
723,594
498,225
918,474
1364,611
582,278
415,336
1316,274
985,301
985,728
1247,1078
551,971
66,1103
1332,102
1411,665
756,878
576,237
247,661
832,700
882,713
945,183
901,990
298,1093
39,556
1210,297
481,108
830,434
116,414
1249,1021
212,380
1052,1020
1438,984
338,185
342,222
321,289
59,617
1032,499
105,108
1090,559
424,822
286,358
1144,82
603,465
551,741
1365,293
582,1133
415,263
1434,1063
1151,354
85,906
1028,1095
551,258
551,212
551,581
219,57
551,785
944,386
1197,749
1019,1018
1034,319
604,1042
272,154
1056,149
1434,812
1032,354
1145,1039
247,827
1381,288
557,576
116,421
180,717
268,166
298,748
727,631
272,184
1364,1126
1151,730
899,765
1139,423
864,962
1288,646
116,222
1441,809
338,195
540,117
1084,401
247,868
1248,79
866,817
116,416
928,508
1364,221
1232,1032
590,692
11,754
344,506
480,631
193,823
613,754
522,487
120,722
1005,259
265,769
702,3
172,778
504,623
1078,809
338,370
1173,1118
415,1086
926,754
1288,903
1356,240
40,233
439,209
562,122
1348,109
93,855
558,791
582,425
848,355
600,653
196,1098
1355,1104
1307,266
582,589
842,1130
822,1015
413,198
885,53
979,117
59,868
985,676
551,1032
637,111
1312,51
385,769
163,700
678,724
1168,421
1101,538
1161,1038
1050,292
813,378
1268,195
990,142
956,309
721,484
196,949
551,867
567,944
490,582
1125,996
1081,104
957,913
1475,21
551,973
1358,572
286,166
1232,609
990,878
1076,1079
1166,392
701,260
341,802
637,221
944,211
335,280
1465,1028
1448,634
1,366
328,935
403,213
217,357
828,719
1090,842
464,149
551,318
1398,334
1197,198
879,1075
1302,957
895,363
1001,10
2,424
599,786
637,845
323,234
1020,370
247,260
573,23
551,198
905,694
257,223
1472,1066
824,465
120,967
1479,119
599,154
1358,125
597,734
1268,776
1189,1019
673,202
53,853
116,317
566,730
1186,1098
576,111
295,851
161,1133
879,920
66,547
541,221
1324,281
995,880
1292,634
944,873
1364,183
1291,369
11,395
415,232
1356,860
263,953
116,1009
251,184
1034,1032
295,941
605,22
1415,705
116,582
247,152
247,929
597,725
257,27
116,145
247,99
247,942
1364,839
1364,582
152,1113
1145,46
1103,460
1303,321
985,920
483,551
944,163
599,884
1113,584
864,719
738,562
244,1029
126,794
251,1040
1202,74
537,1013
1005,1097
1232,657
78,249
637,632
716,639
979,1011
164,1107
841,191
1234,567
582,966
742,648
10,313
372,333
569,635
1419,619
597,42
551,136
600,234
1242,601
247,918
272,605
262,957
263,140
1414,214
243,345
1445,613
272,77
1190,179
163,666
338,651
298,990
1123,1055
415,562
458,809
243,1034
735,611
1020,276
221,1103
1099,680
113,586
962,888
309,697
1403,239
212,414
544,577
721,574
979,40
563,813
962,731
415,914
228,402
1415,439
727,863
526,37
400,868
979,525
855,641
940,1102
59,364
298,306
252,435
506,43
1019,233
551,727
490,1025
853,394
551,278
725,96
408,319
505,427
109,346
136,543
116,741
1126,462
1144,396
304,1104
1364,1108
531,592
631,718
979,424
127,746
805,355
582,254
384,955
1338,594
338,868
582,456
988,734
1090,739
1140,113
73,559
1364,438
582,26
1350,82
108,548
435,663
668,339
579,59
338,479
116,721
1353,996
219,287
477,754
1145,524
1135,535
551,832
1103,971
35,610
1443,535
116,622
1068,547
985,887
551,691
926,890
286,393
1204,102
854,240
490,232
576,245
1451,704
979,799
272,144
551,1040
129,295
586,409
987,616
785,913
292,574
506,113
65,370
718,190
916,794
582,57
173,336
574,660
490,347
106,688
116,1027
641,282
1137,188
880,474
531,613
868,79
619,50
898,970
459,727
721,349
1365,428
526,397
742,958
272,335
1367,73
783,822
1232,5
1049,599
462,1006
873,221
551,349
1201,33
415,352
359,574
491,63
436,378
424,113
180,387
11,835
298,313
549,260
1247,684
743,258
914,464
921,824
1027,357
1005,496
853,915
1290,32
1278,610
985,347
286,76
853,924
43,920
11,125
15,908
551,111
1151,1004
551,771
453,314
47,1058
1039,823
537,1085
403,35
1158,306
685,822
21,279
80,122
1303,151
1281,692
1364,836
1356,44
128,333
649,536
853,550
1057,48
1412,18
433,1001
1268,814
551,681
1418,1012
59,175
1032,721
985,230
1268,1088
1279,823
424,919
1081,1102
84,707
377,989
806,1038
1173,432
298,68
482,1079
853,649
495,827
1120,523
658,500
1303,365
212,532
59,191
1004,125
375,455
582,221
1358,463
880,159
212,123
338,71
186,284
871,129
1296,349
9,618
867,813
240,120
690,1010
247,60
732,1085
708,329
900,1019
55,1078
38,496
637,862
338,172
957,803
1449,768
505,787
643,708
155,198
1193,492
1151,899
116,48
50,413
1317,688
123,535
859,1026
1028,318
1197,795
59,461
181,288
456,686
490,267
739,1009
108,823
1439,533
338,784
1289,766
272,901
1148,860
91,1049
1182,1134
1032,842
1338,918
799,830
415,768
1172,108
338,1026
247,336
1318,852
426,1031
106,1031
382,180
1454,601
59,277
1304,7
940,957
944,276
354,459
1073,129
684,554
247,959
1387,492
1175,105
59,962
1063,694
74,844
287,184
826,1085
91,419
170,402
1202,723
820,511
1071,252
1159,159
1229,1137
1424,207
277,770
127,125
195,592
489,357
637,166
582,582
699,1077
665,380
849,760
707,221
551,786
551,667
831,756
415,1054
551,286
298,148
738,730
415,847
841,461
826,423
432,599
272,836
7,178
105,524
88,492
981,271
1273,410
43,285
687,511
1315,214
1232,263
116,323
940,434
219,997
1079,361
338,604
658,1010
1144,99
59,369
551,391
263,320
944,424
551,208
1019,728
867,627
201,1113
106,894
870,351
944,125
483,468
298,1065
162,823
994,108
272,199
273,895
1364,1049
417,849
403,894
212,207
116,212
775,1130
1197,1012
1173,150
116,574
707,35
957,461
39,256
84,721
1144,630
116,361
286,945
272,710
1455,455
298,797
191,912
126,1102
146,515
413,888
829,354
940,38
755,869
459,359
317,1081
551,100
91,927
551,749
264,1028
551,888
433,919
825,974
114,867
101,199
649,958
247,787
705,700
1103,556
415,529
41,1135
509,655
104,278
242,787
247,707
714,659
323,915
116,787
1138,24
9,1124
1438,834
981,485
298,183
964,1103
1273,267
1239,593
436,806
1406,802
668,128
551,89
668,798
1303,461
198,288
661,1005
1209,281
508,158
551,232
1067,1017
1133,852
1430,354
1441,616
1118,1127
1268,496
374,889
1391,420
399,942
551,1103
952,847
582,976
668,967
295,301
493,859
505,844
1076,282
631,741
272,2
145,862
432,140
1285,866
910,125
116,183
1359,650
120,1097
957,648
700,995
853,324
495,50
1232,737
1463,1051
1090,1104
936,463
551,945
78,860
247,1054
975,266
1090,6
695,154
292,354
867,1039
741,990
78,764
338,321
843,725
180,340
415,657
569,432
980,1073
349,243
1178,253
87,431
582,901
29,650
859,769
957,935
938,964
944,326
1173,1069
926,793
511,719
251,396
640,932
272,629
247,297
1344,533
1303,1111
140,957
551,35
1197,768
1364,1133
745,655
921,151
213,773
551,1080
426,225
782,375
1087,803
639,18
59,984
537,781
559,916
668,791
870,5
1173,1037
582,335
1081,1125
860,927
600,471
551,389
595,10
426,1025
1398,854
338,337
1079,775
769,1020
379,32
781,962
272,909
164,1113
857,877
1271,693
1303,942
1234,1084
1271,7
1232,262
944,507
957,565
183,157
745,1114
582,869
297,807
141,552
1422,206
426,1085
116,396
1017,569
280,1018
1424,754
247,651
1032,7
551,562
848,74
1179,775
1457,211
572,1026
93,918
1151,100
1421,1003
169,505
1457,651
1327,7
11,796
295,842
1182,212
1101,316
105,803
1454,233
1243,497
1303,999
556,524
694,770
694,214
944,1025
979,838
129,756
298,51
551,449
782,1059
1103,189
272,215
247,317
70,204
524,404
8,808
1234,827
582,917
91,1017
338,660
582,412
1301,323
367,979
403,148
738,233
1180,432
1032,378
173,1066
272,211
415,621
706,182
1145,1001
1049,410
944,835
1081,768
1343,906
786,243
1281,59
1346,607
55,70
1315,1107
551,720
1059,1113
1188,803
455,221
7,221
1086,270
597,1018
973,63
60,720
1478,680
247,1030
1145,414
722,186
944,611
362,1096
773,235
1176,871
1076,227
1109,373
659,428
1364,846
443,1063
668,1068
403,221
272,222
551,528
551,983
409,288
9,592
1370,195
1074,495
1105,171
247,529
338,150
635,1018
1257,407
272,589
268,189
342,326
11,297
743,167
910,768
559,612
957,155
576,766
85,1025
1364,827
298,77
944,1091
1086,462
970,992
526,1107
120,496
302,524
59,542
11,161
358,370
589,338
445,823
970,531
866,233
621,545
738,115
888,1119
145,648
180,577
394,730
287,862
701,1016
1020,196
597,807
165,636
829,456
637,574
746,200
330,420
1447,807
645,824
1304,768
413,85
572,1015
910,706
551,424
1477,488
582,996
74,1123
1245,828
582,34
35,665
70,616
1448,387
43,931
1355,749
1364,401
403,1085
1005,99
833,535
11,120
962,321
1055,547
721,59
710,1047
608,650
1233,5
732,562
1197,462
612,703
1358,886
298,641
502,524
853,973
664,1071
1086,306
127,1088
272,976
1182,562
1414,365
59,354
977,1038
596,8
551,239
727,928
116,97
302,1106
386,786
979,526
902,680
1199,919
597,671
667,350
786,997
126,391
984,23
78,724
413,207
272,274
551,579
1385,733
116,551
1019,1094
257,505
681,638
1209,774
179,376
1404,247
551,628
1470,272
1177,727
12,391
1449,438
67,959
540,125
679,49
384,315
1041,79
582,308
944,740
55,894
827,951
531,143
415,882
837,411
637,414
1438,432
916,1010
551,602
701,14
1283,1062
574,239
1232,660
637,823
904,164
1457,735
1161,748
11,1060
346,477
344,345
304,520
767,221
1262,764
1364,173
889,634
1005,698
1346,13
637,96
1336,934
811,539
600,336
944,851
814,1040
1019,803
1232,1101
1086,1009
773,659
694,894
1034,695
716,809
44,651
943,863
11,185
1155,833
156,578
272,493
413,366
805,894
1286,212
1364,898
1364,746
435,497
122,597
338,1071
331,1109
267,395
59,385
1328,1001
682,459
551,1028
551,412
1430,171
247,518
910,899
921,979
504,551
1293,429
1204,690
91,430
458,131
1257,396
1005,14
272,441
955,750
1437,372
582,184
551,907
12,325
268,58
463,351
551,570
338,574
59,664
917,717
1019,47
272,846
646,574
944,776
815,744
59,680
847,198
756,512
611,51
11,483
339,131
426,301
1225,531
63,460
1364,1131
472,129
1439,214
1179,82
1247,952
272,1115
1450,769
116,324
272,203
990,677
1364,125
1301,935
490,786
631,92
413,946
1332,540
1304,188
1214,786
821,83
188,505
59,998
711,531
1049,89
85,38
905,786
916,529
1232,560
609,919
1134,83
876,757
551,851
1232,472
1338,82
743,259
1020,208
586,99
305,218
1465,8
364,367
1074,1005
857,299
721,959
1214,469
962,596
1081,6
1074,810
1064,617
979,118
424,281
1151,1012
551,747
118,816
551,682
391,6
84,1080
569,127
604,598
144,730
582,1091
870,155
600,935
979,959
921,1095
32,1038
985,1104
915,490
1092,851
987,280
643,594
1087,192
130,754
944,792
413,542
1050,1129
515,29
1385,297
738,535
247,473
1156,28
600,816
1364,6
338,1097
727,755
649,479
611,969
265,844
979,222
637,888
1378,508
1419,713
241,465
921,1094
1019,320
1077,663
582,915
273,179
272,916
298,785
551,245
727,456
175,757
113,658
510,283
1203,1097
675,423
111,526
495,1121
1317,649
1352,124
1209,161
31,1001
857,306
707,650
265,1005
551,203
720,363
697,195
926,1126
701,107
59,236
985,787
997,871
551,1067
1145,270
1377,360
11,237
781,732
1232,1024
738,162
1348,877
272,944
909,919
445,908
944,127
146,89
551,844
1304,795
876,1136
268,686
985,816
272,686
1417,304
575,414
141,1002
252,142
1364,966
1245,487
572,380
1414,1011
1388,465
1306,76
668,206
1068,287
667,966
1086,41
298,257
600,689
55,7
78,524
89,769
634,24
456,769
263,1040
138,407
425,978
763,810
615,789
201,511
751,1037
52,282
138,446
251,284
1412,583
1254,90
545,883
490,26
786,210
116,481
1291,1008
490,1066
1451,387
304,517
727,1128
1364,1016
1327,311
855,151
707,517
599,653
247,101
930,345
326,323
206,443
490,623
551,155
356,30
759,149
706,80
272,1131
1172,1069
1215,435
1049,575
621,179
615,615
1353,136
1364,829
1132,588
1356,997
127,361
570,598
1294,278
1233,1067
727,472
297,270
13,221
1284,851
127,430
1126,640
1472,179
303,1027
551,401
272,424
795,286
673,277
882,507
770,752
1457,849
631,839
1049,502
1234,846
298,24
145,1039
247,140
1033,492
79,805
551,120
1113,833
474,242
137,291
1186,574
551,9
979,391
1034,677
53,44
180,117
1390,1066
572,686
663,756
1225,898
368,316
799,899
630,831
55,414
121,823
597,389
272,1126
1167,773
1164,542
1379,351
1087,609
944,1125
1219,247
415,728
582,376
1217,301
1304,913
247,1
59,844
600,579
318,244
1073,70
944,232
616,391
1204,81
476,682
582,909
305,227
985,52
352,986
321,464
957,676
551,959
979,144
1312,816
1005,714
120,178
120,604
103,547
1195,316
68,808
1058,634
1338,51
59,194
870,722
1234,489
701,108
116,162
1439,901
173,87
298,363
243,266
1076,887
11,258
919,361
659,144
432,651
490,1000
513,629
944,1116
321,142
1136,201
805,918
985,297
551,516
1304,337
23,379
1429,427
1303,728
577,49
799,963
1364,838
1081,256
586,45
272,118
106,355
600,451
294,44
298,968
59,134
424,724
1364,308
2,597
104,791
743,904
620,855
721,579
917,756
1247,303
721,729
1031,140
783,528
1364,209
125,771
853,909
847,191
74,700
307,443
944,343
1479,827
1304,893
124,216
855,54
101,324
366,817
1256,693
674,1038
11,492
12,1073
188,62
979,874
745,369
272,45
413,23
15,1109
1308,588
325,865
738,1126
985,833
116,596
551,1004
1290,109
59,693
569,890
375,809
957,615
352,310
247,95
910,797
1190,195
1013,872
582,1088
563,1027
1211,174
866,664
272,40
59,478
551,669
212,435
531,798
962,528
1204,574
985,358
141,1127
1449,658
59,864
758,15
551,1092
451,760
979,77
597,875
714,593
1325,67
146,470
597,458
827,903
637,622
458,431
551,4
127,47
582,1049
23,520
755,578
962,803
11,531
459,207
11,529
551,925
219,944
16,787
415,104
979,1064
59,1017
1197,300
145,480
655,705
1302,1107
957,779
701,714
1457,626
694,1093
633,184
247,849
1034,829
272,753
916,946
93,423
12,662
212,418
180,125
1230,850
944,888
8,1125
247,226
519,594
116,731
295,693
1462,934
252,74
1401,875
944,985
12,1001
551,1089
1451,615
551,1118
298,23
551,774
551,207
1005,311
12,288
1353,633
415,435
578,545
944,324
637,349
944,358
1253,689
962,228
1451,752
1076,815
883,1036
320,821
60,205
338,208
1283,27
247,378
1087,7
418,191
13,224
1365,574
916,1123
247,768
1247,457
667,919
500,312
600,604
870,400
775,1018
936,460
582,653
11,741
700,756
656,328
298,480
527,201
415,364
1465,442
1203,95
974,988
55,862
961,271
1339,329
582,799
979,125
667,428
584,149
143,379
295,572
775,813
738,237
1387,763
926,246
305,547
458,213
812,454
272,973
916,353
1033,344
302,198
459,561
1160,734
987,809
78,830
247,764
705,818
979,541
272,358
551,624
272,162
1364,653
1335,1021
1225,756
1140,372
443,353
1081,386
129,885
551,761
1081,492
116,391
531,881
345,966
1020,650
582,646
1039,980
11,132
1347,1050
497,1045
338,683
78,1134
219,753
222,218
233,756
969,497
138,39
78,351
551,142
131,929
407,318
173,916
1293,1085
271,1022
391,277
786,798
338,706
298,519
970,797
600,155
247,247
1362,625
78,191
247,782
1135,606
1081,632
1315,80
551,297
650,821
1375,763
1197,883
146,1094
1019,31
415,810
701,511
1261,444
957,1104
317,874
716,808
1151,755
944,804
979,825
489,559
749,799
944,604
247,543
643,1119
120,209
674,946
398,720
313,184
115,571
1382,756
1388,809
582,1081
253,252
387,731
582,23
1268,541
582,237
637,642
498,894
582,741
116,245
1243,700
957,289
415,103
201,820
745,1117
143,988
940,910
582,761
957,931
1364,650
962,386
985,852
272,481
979,287
944,267
711,621
680,1103
59,23
576,676
989,373
853,640
582,898
47,1130
361,599
1087,230
1257,1124
551,1060
551,751
551,434
490,1009
91,646
962,472
247,47
1219,825
59,942
1349,125
998,1015
272,712
1457,54
911,813
1193,760
384,254
1303,144
1197,513
59,1030
1448,1074
89,888
105,911
1364,1037
1203,251
295,615
1382,166
1140,1085
141,896
940,551
1232,1105
11,646
742,724
286,20
577,685
1309,786
813,1124
582,77
1233,741
569,1009
549,52
1069,1043
298,754
1250,467
1305,740
551,520
265,605
1074,391
116,1028
128,915
265,1100
78,396
569,517
1356,629
75,464
478,501
870,935
597,527
1457,724
1388,459
858,963
432,687
551,374
47,510
1411,443
944,778
614,508
263,167
1011,149
582,888
1232,803
678,428
1213,1035
705,78
1461,469
679,955
247,329
138,810
146,1075
413,849
551,856
352,30
551,1000
308,729
944,174
497,718
985,257
127,1027
741,141
1182,351
1451,778
1322,892
305,1018
1071,1020
566,1044
362,316
43,375
189,754
855,919
1368,93
944,365
1102,57
423,283
630,951
1085,703
198,137
11,65
64,864
272,136
551,392
251,198
1113,623
79,595
162,748
59,689
551,330
1232,320
1268,40
957,950
551,184
582,533
635,296
338,128
1288,485
145,550
464,205
1232,876
174,617
283,960
979,1093
707,290
551,660
979,273
604,370
592,681
145,517
551,291
542,1071
671,185
241,1049
631,1037
659,195
727,797
551,735
498,878
251,613
637,222
228,82
542,786
272,533
987,1081
247,1080
433,222
1233,526
260,882
979,667
1204,920
432,246
1304,1122
272,897
551,601
458,582
298,1024
812,694
1254,398
11,306
602,94
551,918
95,222
1255,63
197,772
926,117
426,230
60,506
272,354
322,689
614,988
219,40
637,851
944,964
919,935
1359,823
1077,1087
666,112
551,151
667,247
897,1048
559,118
115,328
551,326
637,329
59,162
15,370
415,406
971,524
960,426
582,420
1125,574
415,720
944,1118
1416,354
5,622
11,827
597,815
944,693
896,691
338,1040
152,934
1182,1013
1125,390
352,670
892,149
141,505
163,49
551,246
116,884
1202,54
116,413
971,464
1364,34
1094,789
15,1135
1049,582
956,428
511,94
9,1091
857,267
565,578
1448,631
962,582
1020,188
1009,524
145,44
990,968
23,458
1304,648
286,740
27,538
213,493
624,439
198,934
582,825
815,197
1255,763
180,27
539,257
65,245
302,689
637,232
846,521
463,1070
1164,913
1364,944
152,417
403,827
247,396
721,724
743,768
91,34
551,314
1264,708
1398,902
894,1084
1454,101
691,1065
356,1095
551,353
344,362
587,1035
12,246
480,464
413,801
247,749
952,48
250,419
83,876
551,38
551,175
241,268
58,244
1151,714
247,1006
459,887
490,371
272,700
1016,958
59,524
1239,25
1163,525
673,91
93,177
582,110
170,653
159,369
1036,154
1289,601
338,6
464,233
1181,183
113,778
126,1057
905,191
247,370
857,157
582,1011
895,942
23,151
247,1060
44,98
855,567
1019,438
1182,1092
1410,793
551,22
671,504
1119,919
1111,991
567,754
11,380
853,445
272,332
1136,540
1323,623
116,480
588,178
1206,613
116,214
582,312
1262,272
59,823
716,270
247,76
838,477
1047,139
551,629
1151,686
855,461
551,759
384,83
1179,251
694,414
551,812
948,476
92,499
118,969
490,1074
1190,822
705,656
582,114
1454,229
813,1090
944,935
940,400
272,495
850,163
9,968
926,271
1026,725
1015,209
1181,629
116,752
634,1057
1069,910
486,259
116,804
630,280
145,361
899,187
551,146
621,578
551,521
1426,130
1247,1027
590,872
91,557
1251,851
582,160
944,359
1103,287
701,895
186,1008
272,308
1371,377
969,277
331,1051
551,572
694,174
523,606
413,536
1152,730
1283,265
84,1039
230,1015
1090,368
551,599
1050,265
985,214
1182,1000
1140,195
272,496
338,69
582,574
1285,805
55,1017
1194,760
403,208
110,122
945,1031
805,739
269,1045
1125,117
732,555
960,247
582,672
52,736
59,670
551,940
984,34
391,319
658,754
287,741
979,1120
59,889
1448,1016
1419,43
912,334
551,221
1336,36
4,990
298,769
272,829
551,758
247,478
1348,547
151,994
953,815
808,766
120,1063
1364,747
57,464
1365,85
962,11
1214,1118
1081,794
1345,615
1306,579
668,1059
1019,373
515,591
1056,222
1049,966
217,117
926,896
247,860
1347,221
1139,1025
84,449
729,459
11,1056
437,7
498,52
435,291
1358,413
738,1138
59,882
338,560
1286,1090
1203,373
59,329
643,423
1051,1068
268,590
99,822
1142,871
271,465
1414,1091
990,555
1278,1002
984,901
216,930
862,1015
1465,1107
1364,424
523,597
551,705
729,1033
582,441
1245,339
424,43
272,173
1256,237
247,7
1280,41
44,143
735,745
116,646
1047,818
246,375
42,935
391,980
84,212
272,349
138,815
551,31
1112,1122
305,583
1151,395
1329,115
979,96
1414,531
666,892
954,579
59,467
11,907
298,414
415,651
324,128
551,993
989,429
1132,583
962,819
298,208
138,220
805,256
272,582
52,583
399,130
192,911
920,417
178,310
1302,1104
272,1067
336,1015
338,755
424,1012
305,1055
1298,524
582,215
582,100
1389,908
637,989
598,180
748,1114
944,893
694,905
272,364
886,52
705,183
401,530
946,605
1349,881
146,962
68,219
59,735
1434,797
1006,390
1336,288
637,245
674,420
444,763
1225,221
1081,155
979,1108
247,309
787,942
979,628
59,733
367,695
1465,142
172,1134
1264,56
116,1123
298,222
11,735
1127,641
1026,1103
926,459
41,602
1457,686
582,387
1092,553
1454,290
262,756
1075,601
587,63
157,719
659,322
551,197
984,579
116,569
701,130
1005,711
212,733
579,50
1329,1006
1407,15
582,612
95,446
634,754
777,403
1459,607
765,955
551,351
1313,499
867,183
1116,884
1233,433
1081,400
476,1124
552,887
197,501
178,811
826,471
910,803
705,414
833,209
124,226
707,590
338,101
91,209
247,358
295,1094
1303,295
1247,351
1446,489
896,1110
716,485
944,710
981,313
551,782
1041,858
59,819
1059,827
11,520
604,618
621,684
1411,875
1019,1055
497,955
116,127
811,82
985,968
272,333
1030,844
1190,1087
831,797
226,762
636,808
212,687
272,873
474,56
306,1018
920,793
247,121
733,301
272,1087
247,936
586,625
1303,824
1203,594
1182,677
582,997
325,810
145,741
1416,77
1246,483
943,230
1259,170
673,47
1332,1110
85,372
1019,964
365,462
133,450
177,5
1415,902
272,1108
1311,834
551,466
1451,222
1069,957
116,829
952,521
774,485
851,290
551,554
959,726
957,816
769,271
962,470
944,497
582,598
1035,238
848,202
413,664
59,764
637,393
944,203
1364,312
1170,257
362,848
475,268
921,588
944,1094
631,106
1419,724
962,590
138,42
672,142
944,221
582,1005
1047,1009
1278,557
721,259
681,892
1172,597
258,352
1079,913
608,953
1364,495
352,1
435,535
864,934
247,652
1138,1076
432,892
582,864
962,915
604,1031
551,183
962,401
415,403
1014,173
354,546
584,538
1135,771
580,728
597,302
551,135
403,65
286,801
1377,801
11,1009
985,269
707,544
1074,1027
597,555
600,14
551,335
564,1021
765,392
59,20
706,91
1434,189
69,972
232,686
732,89
368,144
475,854
70,36
413,80
291,1047
981,662
1034,520
120,434
187,179
145,142
59,371
292,517
1414,349
844,721
1227,679
791,137
637,611
252,303
805,104
1394,313
1040,990
247,394
524,1089
305,568
873,181
367,1009
582,75
1087,260
236,235
78,427
401,94
800,526
415,510
979,12
117,245
940,7
272,675
273,951
582,45
270,323
33,583
1456,458
1397,942
1438,868
1251,414
794,242
921,446
813,1074
962,584
265,361
1302,892
127,256
859,31
1036,410
1076,840
424,1112
590,15
1019,331
1278,797
189,1037
732,500
905,1071
1241,245
1450,133
1200,74
1307,1035
551,410
236,27
1396,633
490,156
608,1056
597,282
944,430
1310,938
254,681
1149,195
1081,749
198,465
706,115
180,753
551,28
219,612
703,754
338,676
90,87
916,589
490,406
1232,473
582,746
848,409
802,447
551,333
551,355
661,1103
713,596
141,485
1184,566
116,269
985,1076
1457,1056
962,733
1077,746
170,1105
707,1016
1302,720
1318,1080
1187,978
944,992
979,215
1214,787
551,676
896,577
940,301
600,856
1398,990
946,160
1411,1012
1233,1039
1146,995
1465,5
353,440
1303,599
366,574
1252,82
779,394
145,721
1119,1050
251,652
1289,823
1207,79
294,853
935,1125
1462,50
338,461
372,1114
551,96
970,582
141,299
59,922
551,853
551,1027
903,403
245,224
800,966
338,894
637,496
244,159
303,221
495,90
138,23
390,1025
944,363
643,51
46,770
127,735
1005,1
916,439
671,117
424,89
707,658
743,339
1077,1100
1377,1031
1333,1010
582,239
551,592
6,697
624,218
1090,631
272,733
1297,620
1230,392
944,304
1306,255
816,714
600,414
731,1038
1373,562
157,374
1024,809
856,813
272,273
1013,540
1034,783
391,496
306,523
738,823
791,15
78,47
272,887
717,35
314,697
673,594
659,808
286,556
597,20
108,1001
354,988
857,221
391,59
944,741
136,606
853,264
59,121
273,881
1364,1011
1283,1099
230,806
15,524
94,269
363,919
407,142
332,221
979,915
1111,655
118,201
120,679
1197,460
479,788
888,647
116,886
738,315
43,198
1169,770
247,414
926,601
161,973
486,434
1185,492
551,944
338,336
90,1029
1351,689
853,488
943,198
1111,920
248,667
273,431
944,747
434,965
369,428
441,990
600,991
993,960
391,35
551,539
1119,881
1349,574
403,365
330,671
712,221
1364,566
252,296
781,599
1348,614
600,103
979,601
475,808
415,693
551,359
219,818
1119,148
323,892
1303,576
1451,107
944,1088
259,23
701,1103
1338,935
903,357
1067,417
743,321
551,304
1049,709
1358,599
786,617
1197,693
312,512
1328,50
1404,823
551,664
989,762
1303,735
738,769
1186,941
305,527
1273,1080
426,655
295,64
661,270
1303,404
1449,597
1302,301
551,468
466,754
314,87
145,952
415,543
1260,431
979,531
944,867
1049,31
668,1050
582,658
467,637
853,771
1273,337
1233,946
367,116
1407,673
705,562
1327,579
1172,463
648,717
794,630
272,368
145,489
350,464
70,3
600,546
1019,285
445,338
606,1114
1325,984
1197,163
582,628
247,435
551,1050
940,728
499,1109
1364,199
715,1098
1004,319
1283,186
11,857
756,327
150,461
55,38
1366,18
1357,43
257,227
1395,167
779,157
919,853
212,269
1222,720
551,53
516,141
1270,766
88,112
694,660
256,949
1457,594
212,1038
212,492
116,463
551,517
551,921
1135,1039
1273,901
604,880
11,35
905,929
342,1081
615,608
1035,569
1364,163
1403,1048
426,371
494,582
583,415
1069,371
247,1027
1234,961
1247,936
551,323
354,271
1023,454
1012,480
655,83
120,836
551,504
1181,888
1374,1038
737,748
251,380
979,1133
1002,485
1081,393
406,1020
979,154
1073,5
582,1064
1397,941
1461,962
1263,835
551,1024
582,199
247,1089
1209,142
415,935
637,1091
171,730
970,806
298,209
551,901
321,740
1229,221
367,276
59,691
1159,348
195,891
1281,831
614,131
551,536
116,935
898,931
1472,394
854,4
1173,317
866,1134
910,327
138,832
415,565
698,252
561,581
969,136
783,925
600,779
551,573
969,279
415,70
733,963
705,569
127,19
116,1103
38,589
1359,545
116,867
582,255
59,881
916,457
247,660
913,808
582,637
1204,573
155,689
295,1128
1364,1056
403,650
628,234
1355,681
1457,858
1250,694
247,914
78,478
651,1076
833,149
294,1023
944,106
551,754
338,695
990,373
384,718
1161,979
298,278
553,821
944,156
789,463
582,567
1388,50
1364,794
1139,1097
944,12
551,360
1359,117
436,763
1232,152
247,830
1122,250
272,287
97,426
551,733
962,314
120,207
582,675
962,318
415,162
1359,724
719,1111
220,809
1019,467
342,439
1357,983
985,1024
185,636
415,668
15,900
286,455
1259,696
582,1123
991,658
637,907
1180,1038
298,1023
1434,114
1057,346
1234,166
551,110
89,162
1364,349
944,268
1364,76
338,129
120,232
1389,285
367,196
896,875
582,415
1190,354
563,540
944,664
1005,1112
324,8
576,1070
755,864
866,1011
1128,178
242,687
529,27
272,838
1081,162
765,1045
459,817
637,567
247,167
1288,582
338,44
780,832
1188,768
403,1115
1364,536
551,804
582,144
746,919
1476,990
279,122
944,145
1465,1119
582,973
1269,1015
551,427
132,646
25,98
979,342
418,776
178,135
1352,82
1363,666
499,863
659,809
551,255
1457,1063
59,152
1047,175
1162,452
295,233
59,260
1000,283
873,648
1173,125
105,647
298,745
89,867
372,699
813,225
1203,307
921,1133
582,359
1449,599
1169,851
44,791
1172,766
597,1079
530,61
1087,255
943,918
94,183
1364,637
338,264
170,574
230,272
943,269
590,244
707,633
301,1033
1356,587
1447,534
926,650
771,1042
1339,632
1123,725
569,370
551,611
582,515
116,958
1364,77
637,1116
1365,1051
1114,903
1168,678
718,491
1259,372
582,688
944,80
529,112
11,736
352,935
678,789
413,393
1472,919
298,894
298,763
59,103
216,299
298,684
1233,1022
1277,942
941,808
126,162
576,156
600,803
1026,185
1043,500
298,766
98,183
551,677
352,1043
945,1110
910,33
780,691
1086,886
1036,628
1119,745
173,809
391,582
853,740
586,371
85,386
118,778
877,1041
247,1097
116,209
338,418
1173,1006
183,574
1085,445
1061,1119
387,239
342,688
127,1126
50,893
1364,497
712,299
859,879
338,304
403,558
874,961
305,302
338,88
1434,1130
1074,354
944,1011
49,739
851,591
132,797
393,903
116,279
970,686
490,1011
1364,857
335,808
77,837
1232,402
423,921
926,81
1203,104
821,221
298,375
942,754
1199,658
272,747
673,193
962,1095
816,385
299,1135
216,252
295,636
147,183
266,524
702,430
298,140
11,348
1467,101
298,928
285,470
145,9
111,860
160,157
338,538
193,216
736,756
138,758
403,1088
1467,808
59,507
1211,4
431,309
1365,827
350,355
1019,822
551,164
879,841
247,125
551,308
194,754
836,744
247,1102
1135,948
498,352
1199,754
1425,235
672,1066
600,400
604,785
1182,844
1190,92
944,914
979,274
1364,368
509,311
582,944
748,662
1457,260
338,405
10,775
763,1103
305,939
391,287
582,358
604,483
582,268
1309,54
964,91
173,862
298,484
323,174
237,807
116,129
979,646
582,1126
1415,774
1076,446
537,103
1359,125
1102,719
404,142
473,113
114,765
1254,717
415,936
116,284
582,117
418,810
1074,45
298,147
870,531
349,176
1143,94
318,554
814,463
962,580
1434,260
551,211
1200,498
687,464
1436,336
582,183
102,235
10,709
189,689
247,381
841,1025
944,962
59,427
1130,378
1055,344
247,158
105,399
120,1016
1005,297
1447,966
1114,831
1031,822
93,22
1076,1018
743,1066
78,214
1179,795
576,1114
990,765
866,263
1389,687
551,534
298,361
962,825
163,851
172,54
945,1133
169,244
59,940
272,917
439,396
1376,638
1414,208
537,82
175,327
1364,363
1161,820
1320,117
957,538
91,582
94,521
962,761
333,354
459,128
116,53
551,472
551,1120
295,611
238,498
247,129
1081,565
325,10
765,477
173,417
1208,140
1011,117
1020,1102
582,916
551,233
254,776
1416,780
551,37
415,729
1081,836
1032,883
247,80
944,756
298,794
215,806
1238,483
1445,298
59,654
610,524
551,550
213,663
855,585
841,418
275,249
1364,526
477,332
732,906
979,415
1448,661
118,177
1074,6
1022,525
1304,856
551,935
1358,468
551,279
403,430
1168,191
1475,764
1029,442
944,414
426,1
1204,955
79,227
1272,579
865,1012
1279,903
866,682
979,241
923,186
78,893
288,328
508,306
1032,909
1168,528
1019,1132
661,195
489,496
830,894
661,1138
1106,964
130,337
193,909
1359,928
798,809
1438,373
212,504
398,658
637,371
551,827
783,1024
551,644
638,288
962,479
887,153
1129,850
116,32
550,285
947,754
138,999
59,724
721,340
295,427
551,1109
582,457
497,83
637,892
222,663
1073,156
1197,707
668,743
294,1123
803,764
786,143
676,753
1182,657
600,461
1329,749
338,239
866,196
1222,187
549,918
1414,813
944,573
962,654
1364,733
163,576
805,170
1237,121
303,563
365,218
732,647
855,203
286,366
423,1018
1079,947
1358,191
194,511
772,805
945,2
833,324
600,207
960,1015
944,425
1466,221
1353,147
430,872
898,247
247,766
1364,667
415,158
188,66
677,598
1242,247
531,473
1099,519
944,208
116,888
591,361
962,686
349,744
459,849
1352,1078
925,600
987,485
1195,614
52,16
715,17
298,334
204,502
792,712
136,795
281,484
386,664
1133,208
600,309
600,722
59,141
11,730
272,517
151,756
1450,580
161,221
1345,30
962,349
675,201
1208,754
783,18
541,763
750,279
1334,72
294,721
1138,990
1170,1002
1211,685
710,809
333,919
382,1114
466,148
145,1030
672,257
18,710
551,32
1462,1098
717,10
841,1092
764,710
7,602
929,855
338,1042
387,1127
944,1086
1438,613
1000,426
1066,689
884,125
490,942
944,7
919,414
1461,187
720,1046
1364,445
566,88
1239,101
1264,969
11,343
283,1053
944,4
587,1077
536,1052
1219,804
442,358
338,845
1364,254
1019,267
505,981
272,350
84,479
1253,695
116,133
882,486
635,1010
243,394
614,92
645,665
1184,1060
970,208
272,922
617,367
966,1018
244,1083
1465,128
818,51
418,1080
1364,332
726,107
866,1055
668,145
1359,144
551,469
944,22
8,601
708,1016
1342,545
926,823
1177,562
551,897
551,569
294,869
697,666
551,1081
368,350
582,101
1232,1132
338,877
1185,868
551,623
551,852
1090,970
294,174
621,535
788,615
1092,808
43,180
247,354
1103,935
1116,786
683,165
1044,78
116,851
866,880
256,15
1079,225
1329,603
962,81
1382,48
146,162
169,62
1364,241
1460,241
853,531
180,892
415,277
582,705
786,98
969,725
551,238
746,639
1364,144
1076,302
247,728
541,208
1164,894
683,537
497,644
391,541
962,14
1232,278
189,391
1364,425
551,904
645,744
59,1134
382,68
391,892
1393,288
78,489
1046,1098
1197,435
298,751
368,605
1283,988
944,656
247,404
1232,966
1312,679
394,1121
55,832
796,734
1343,629
551,418
605,399
554,7
272,888
968,418
1164,255
1243,829
750,869
8,261
935,931
551,606
551,125
1016,346
121,259
962,1104
304,753
1182,161
858,198
349,964
1203,56
989,883
957,789
415,617
1081,163
413,650
127,727
701,931
454,579
1382,569
582,78
11,709
631,237
125,32
841,769
637,731
551,700
292,157
146,80
12,1106
263,482
808,1003
479,730
136,10
1073,1009
572,211
494,863
799,249
969,466
560,1061
672,241
1273,767
13,149
298,759
582,1037
1048,697
1121,129
649,801
428,122
338,953
890,275
466,117
675,82
551,634
1197,1097
305,530
733,920
1364,493
687,41
196,131
399,762
980,112
120,37
518,27
127,295
600,931
431,1112
664,760
1419,754
9,314
459,679
944,144
1281,312
168,1015
1181,997
551,162
1400,578
926,785
44,99
425,916
384,477
59,649
582,12
944,813
582,667
721,47
551,811
768,530
551,526
1356,761
28,180
805,648
1302,1025
415,400
1182,907
138,202
1005,539
213,1005
208,802
644,709
795,784
247,723
405,833
1321,326
940,632
944,629
1235,753
944,812
1251,599
1438,765
646,943
1313,854
116,232
1303,888
379,106
551,214
126,507
851,500
415,714
415,125
661,805
247,364
373,196
59,7
1121,153
116,909
1051,771
660,784
298,607
1076,492
272,264
247,893
1009,616
59,207
1274,149
1126,208
1289,694
262,850
420,702
813,720
912,938
755,168
551,1009
430,214
44,488
367,602
317,500
88,485
582,989
426,558
729,15
1479,411
281,785
1465,259
1182,628
331,1075
272,125
497,826
118,208
397,486
1031,560
1022,144
728,662
495,475
1116,905
1306,457
298,1133
707,615
490,945
1028,1054
944,378
551,209
694,324
1201,757
1364,531
1020,689
399,310
1077,605
91,349
19,809
582,873
142,84
1171,854
866,832
1232,582
551,900
338,794
1438,797
586,663
430,517
1438,206
1076,568
853,42
247,736
1303,249
272,160
273,265
1103,646
59,845
173,576
176,527
384,49
278,404
11,654
1356,497
497,49
1077,384
247,819
743,742
970,156
1277,895
551,876
40,614
582,380
298,572
1317,980
338,1028
805,260
1070,990
92,826
217,1039
551,618
78,7
582,6
91,574
1433,597
749,839
490,449
1143,695
15,745
1246,310
1005,894
870,743
481,658
40,209
967,486
1376,384
668,868
853,1055
6,391
305,861
800,375
980,126
1364,515
902,282
551,790
1434,778
284,354
247,1096
1081,363
1260,965
533,969
120,973
794,860
59,468
1005,620
1019,175
848,462
926,257
456,11
1449,1105
613,117
138,957
526,301
59,330
11,824
1113,293
773,1077
1359,716
1264,606
814,120
853,273
637,813
818,469
27,53
407,624
9,85
1384,930
399,841
1264,855
955,1073
551,1101
449,945
1364,240
727,1012
1139,124
525,148
326,167
957,1
387,1094
251,554
338,713
1200,1012
826,933
295,162
127,910
1286,744
196,1053
582,1108
15,72
348,369
53,731
207,742
331,823
1028,930
807,1062
189,935
944,70
258,418
59,402
694,794
694,851
979,536
1330,659
386,763
959,786
379,886
1034,1044
1105,62
172,414
322,182
272,869
709,492
1438,519
352,435
851,357
55,479
551,294
694,915
415,141
907,509
247,300
298,303
1036,486
1203,177
1454,117
1140,997
362,365
219,496
1200,1067
11,1081
940,6
944,229
193,459
1300,969
572,890
551,321
247,209
600,107
1225,781
1005,661
537,1119
255,351
1363,179
338,303
940,232
551,924
1221,265
145,136
26,734
668,812
266,547
1289,214
418,471
247,950
859,211
497,477
1161,1137
1309,889
69,280
559,901
413,81
23,212
358,1094
1164,373
59,95
145,1101
343,591
178,693
1365,313
338,386
413,1086
643,937
53,1130
551,167
350,224
1438,532
551,216
403,551
59,642
268,597
1139,899
609,572
1111,724
962,253
824,930
424,233
944,582
403,615
327,1059
415,152
668,1013
1239,783
551,825
1197,813
219,183
682,546
1104,214
338,249
203,459
403,590
492,1023
166,208
235,209
980,808
743,286
1354,131
450,288
163,627
944,1104
97,603
1288,990
853,876
39,816
1465,690
738,482
723,251
1197,779
551,709
913,568
19,843
970,176
911,787
60,117
10,872
1028,696
867,1081
709,819
290,975
1364,114
305,887
338,735
1016,787
139,963
1440,991
1449,1057
1438,142
44,987
1326,900
1232,28
272,672
1364,279
668,426
549,796
1032,898
1303,71
645,919
1005,46
979,451
249,1076
551,776
600,358
298,78
59,40
372,755
1212,446
304,811
338,1088
600,615
23,554
108,524
91,117
126,108
386,407
944,540
551,364
1,354
1203,937
916,563
637,1094
551,984
1019,99
576,435
1363,431
106,739
582,566
1345,894
1477,414
531,191
769,5
295,1043
1379,780
272,661
1034,821
338,824
979,533
1089,187
600,538
20,820
433,459
1411,467
127,209
978,372
272,221
1260,919
992,756
582,185
1177,688
1173,860
853,358
52,446
755,535
659,12
1081,427
7,792
1076,8
1364,146
338,905
381,408
272,1022
1349,700
372,140
1134,666
1081,650
902,389
985,1016
1415,602
338,351
616,1084
1144,251
1364,387
1451,101
295,400
415,7
646,247
1074,566
1451,183
125,560
531,530
1475,385
755,442
415,1060
1052,607
779,1038
944,470
551,380
69,548
15,414
551,240
1074,456
915,122
440,595
251,563
1130,409
247,16
225,359
256,219
1361,583
3,967
78,512
358,617
783,733
614,280
272,640
582,1120
490,946
298,348
1074,661
944,421
59,532
551,502
738,1009
551,445
318,533
1101,837
551,402
413,728
408,602
944,370
90,21
138,668
145,4
1118,413
711,363
522,754
395,1089
761,307
586,372
1029,1055
582,686
944,121
944,197
247,882
257,823
1219,851
551,518
810,935
116,312
11,550
13,464
1185,96
910,221
354,55
1054,470
1233,518
1376,125
1168,840
1402,633
524,683
51,221
1368,564
551,796
415,736
732,671
582,451
497,576
423,407
391,835
600,197
305,250
247,228
1356,596
1019,985
894,886
1453,1010
178,89
404,777
1201,923
219,1116
1364,658
1102,700
1423,1076
3,625
85,295
59,1054
103,8
704,440
933,256
1288,55
1223,239
671,730
272,874
1364,967
298,983
432,1050
93,301
1422,657
457,347
1233,730
1388,117
582,874
1337,149
944,1087
119,850
338,542
1136,937
785,73
551,1030
273,144
88,279
767,281
582,876
11,782
1234,1005
59,950
302,343
1416,346
1185,892
212,1030
1346,1002
625,433
1310,275
1113,1122
1032,463
796,142
923,1098
420,131
524,851
688,150
870,1105
575,463
1350,656
305,1079
668,870
551,880
369,538
263,503
197,648
551,496
1172,1072
551,81
783,736
447,808
710,662
817,622
800,870
718,453
749,100
120,778
551,992
637,836
272,1049
74,129
467,976
1203,630
1077,480
1197,413
743,363
1455,357
1203,969
551,1022
415,20
1332,705
870,260
78,771
866,170
1364,26
1438,88
416,68
305,143
1268,612
551,989
295,410
498,1075
614,666
882,1136
1330,859
127,1059
551,73
605,756
317,22
295,317
738,532
136,893
988,736
215,689
1354,505
15,233
582,674
793,203
600,89
370,607
145,91
252,832
200,710
116,306
962,1032
155,957
646,820
551,835
1062,855
1194,94
682,29
469,1018
835,703
551,823
225,125
1136,423
1135,784
1005,640
551,414
1364,983
247,437
844,832
415,658
1081,942
519,254
1353,365
342,287
634,958
996,311
979,686
985,494
1257,626
822,374
299,379
331,987
2,304
302,1104
985,430
1055,306
1449,245
552,1062
287,366
1414,611
1409,84
438,509
1473,82
705,1042
940,935
1160,642
763,954
1049,688
818,245
1468,657
743,535
1457,141
1443,1014
127,158
338,492
387,603
247,987
1366,1044
957,245
1159,697
1043,552
15,968
1115,1048
898,805
551,1069
1415,671
1439,754
286,536
768,1055
11,585
430,1
2,294
985,822
1283,25
260,122
1077,342
957,208
2,759
1364,1074
1440,1097
765,83
311,927
317,499
795,701
800,202
728,1082
298,391
944,749
551,185
963,927
414,43
1278,443
247,141
1143,690
604,1032
85,414
247,1108
630,305
270,606
1271,635
1167,1081
987,119
1150,592
271,486
1364,205
551,814
1009,772
890,1020
223,800
753,453
845,591
1281,577
213,818
1439,809
85,56
902,1056
1441,459
749,1133
841,65
1241,635
551,202
909,730
711,998
723,855
1261,1123
257,344
944,462
738,958
1172,32
1434,464
720,1129
59,232
1232,771
298,425
551,596
247,258
509,728
1450,948
1401,213
593,7
342,599
1163,199
1172,564
303,827
1392,905
540,996
1099,220
1312,93
750,550
1457,333
689,1070
11,324
1302,232
830,503
12,865
295,824
649,324
30,171
1303,247
627,24
1118,221
1329,91
116,945
59,999
1353,548
247,256
814,150
1203,714
1005,373
10,517
957,7
1073,214
325,490
944,763
82,535
795,889
551,1116
492,257
393,961
298,958
175,258
962,111
212,503
127,895
464,837
637,847
11,504
732,285
870,714
979,923
116,489
272,183
1010,600
1358,539
1401,119
276,159
557,258
467,712
247,507
531,921
11,212
582,1042
826,242
527,630
539,255
294,629
30,440
338,924
1126,862
59,787
116,70
435,1056
1032,172
877,105
391,756
917,1053
78,310
962,372
116,570
1435,27
365,794
483,677
982,583
760,330
59,309
600,198
575,550
848,709
432,221
574,554
551,1127
265,915
531,822
1446,219
1081,660
1197,652
116,221
1153,460
582,1110
582,392
970,723
338,114
400,399
8,301
1079,883
913,218
1212,527
1293,301
521,788
1081,365
247,263
738,47
1090,997
628,183
21,433
950,1003
1081,860
303,336
597,21
637,660
227,288
962,804
1172,482
304,650
668,211
338,987
637,434
1034,646
286,894
944,528
1428,869
295,713
637,214
685,1023
1364,574
916,797
957,336
1424,922
600,1126
161,932
272,342
1415,260
933,1018
59,247
272,1091
1228,305
921,370
583,141
551,166
1146,459
333,756
1060,182
1359,281
831,576
799,724
345,838
686,143
794,400
59,1097
1358,145
1136,855
1005,1074
694,481
1337,797
394,876
268,731
755,193
298,511
551,249
130,755
597,99
944,811
757,559
1222,801
667,459
551,336
59,38
415,88
1364,166
921,999
1032,372
1263,547
582,1022
1312,676
700,1005
990,306
1448,927
245,749
247,1104
247,403
120,253
551,737
294,359
275,277
1232,648
247,765
272,209
413,654
661,181
1364,287
635,613
247,406
952,303
443,833
468,756
551,30
19,934
1064,779
656,21
11,865
268,918
850,256
217,582
944,660
372,69
431,1076
943,1128
776,993
1458,224
196,25
460,938
678,978
266,1043
334,1116
1204,434
1306,407
944,794
754,775
1204,1017
582,1093
765,221
734,1013
252,392
866,737
432,773
490,39
989,1063
1438,394
916,222
442,1072
272,193
298,210
1247,535
241,582
631,287
840,624
826,95
1197,11
1416,1069
873,538
5,903
183,622
740,358
979,308
1197,751
943,399
178,1004
338,306
351,754
551,663
738,65
449,448
979,1015
916,336
47,851
1450,142
1111,320
785,990
828,142
138,681
35,148
1471,702
294,323
129,247
1032,628
338,694
582,391
1364,792
980,1002
1081,80
1415,492
910,1054
490,106
564,210
1353,369
1005,650
413,390
477,56
247,649
738,790
709,385
212,1101
1444,21
582,922
1438,512
866,740
1081,387
1388,455
400,11
661,175
93,242
645,1109
951,904
302,1097
7,420
622,206
231,306
1119,1114
940,363
678,713
1204,762
320,313
1006,279
198,689
1416,946
582,907
35,146
298,1069
338,366
783,939
490,811
1050,159
415,521
940,660
386,370
11,698
848,870
1361,625
19,171
699,659
1081,1104
1151,617
298,696
870,648
705,392
509,920
1151,429
814,218
637,308
1184,26
706,212
194,437
286,7
1188,1085
230,202
551,828
551,688
551,909
1204,214
551,376
282,352
415,16
1464,1026
272,663
10,311
345,1111
239,411
1385,119
990,897
59,514
415,984
426,899
234,754
987,949
1005,1025
298,1109
120,561
1457,767
385,975
855,970
957,543
1232,1072
1135,678
55,875
11,209
1364,1115
1395,814
609,176
1377,654
247,999
415,853
1268,574
919,544
10,354
390,1085
1370,887
675,937
93,145
197,485
979,716
926,524
701,409
403,238
295,660
247,399
1147,1094
146,623
867,972
1309,758
783,478
551,1019
146,968
3,466
1091,1073
844,570
592,454
508,374
979,730
901,547
969,958
678,585
1364,544
260,432
338,561
600,497
551,966
465,934
101,196
944,911
810,254
551,768
247,797
1032,691
1176,275
962,309
1364,324
1477,846
830,46
338,319
551,218
1445,42
338,67
116,868
1239,639
1414,276
1201,800
926,1100
551,864
1282,233
1306,130
569,642
1204,225
486,244
1176,334
120,986
551,574
631,392
1364,366
1457,191
944,870
272,76
415,849
582,502
169,1073
576,497
400,722
263,846
637,121
1467,5
1219,935
133,1099
415,765
979,996
4,930
551,47
910,693
322,524
303,540
851,1051
449,599
985,161
1364,874
488,574
582,97
604,727
1440,633
116,730
844,914
582,493
985,397
1081,89
298,1039
115,491
1214,529
15,797
272,515
247,249
867,989
551,752
1262,795
391,45
1292,1084
1039,688
853,497
745,319
298,355
1234,477
11,42
551,927
1081,542
1411,661
91,1128
1262,276
350,181
265,333
1375,116
1462,27
1366,487
1367,633
671,1131
1018,280
403,179
50,963
465,55
944,73
1005,502
493,983
668,150
1172,153
1267,492
11,110
120,260
305,226
31,662
1352,251
1172,1015
1204,768
637,1087
750,700
234,655
127,5
551,1
1032,407
919,32
509,881
551,229
551,524
551,268
411,108
1382,205
99,921
986,499
317,503
338,218
494,533
829,71
983,754
117,477
639,298
506,926
1433,620
116,388
682,288
15,1017
551,1072
960,582
717,373
37,44
155,615
891,851
522,1008
55,766
968,953
455,160
1416,580
415,60
537,1096
685,706
985,894
1364,12
1103,1002
531,1004
15,820
1247,466
582,611
531,626
1414,368
78,921
642,783
994,331
1245,730
296,110
91,516
1373,845
1365,374
962,229
1030,909
1182,306
854,95
1205,623
1079,863
268,887
483,723
1226,187
286,582
962,222
391,359
59,336
1234,906
1432,129
420,1073
551,403
1465,162
59,551
241,746
940,162
84,519
116,952
273,754
551,421
55,787
1358,683
247,232
1364,410
1352,423
782,678
582,1087
783,483
101,469
755,563
979,264
970,197
882,620
979,294
575,264
415,766
127,526
551,381
272,814
927,149
1233,184
944,618
551,152
1448,513
12,1129
244,1089
466,621
551,441
247,434
1385,820
116,700
361,641
721,566
326,539
1119,317
338,1075
207,221
59,535
102,659
721,1117
659,364
749,495
257,112
1289,259
646,993
551,144
1076,725
978,516
17,872
943,1063
1236,225
1364,117
1204,804
621,271
1020,762
944,1024
1114,131
167,379
551,473
867,464
59,562
926,311
9,700
52,861
668,139
1081,795
524,479
490,514
854,1122
227,450
1165,531
795,942
161,1072
582,136
590,322
962,696
127,434
660,1080
551,958
399,434
1203,242
921,813
1365,1008
11,222
944,234
1358,499
944,101
92,216
1176,1020
59,621
853,458
916,754
916,257
637,794
297,122
1136,82
870,805
212,291
1365,1096
914,1085
263,768
1172,24
499,404
374,134
247,1074
1373,925
1233,827
282,433
230,1030
495,142
944,19
1002,954
268,496
551,698
551,552
1462,717
338,860
861,504
551,457
1230,885
175,1136
331,991
1087,453
272,166
22,32
278,931
326,1138
1096,299
498,882
1151,984
175,374
105,942
247,430
162,384
403,422
979,324
533,201
403,363
108,508
138,852
570,966
882,196
247,1070
342,1109
1161,808
230,239
1358,314
999,535
1184,42
59,1050
582,629
213,674
138,879
794,933
173,658
1356,914
1077,163
11,1067
1055,281
118,937
1197,714
551,182
1360,771
916,414
338,947
944,1122
537,931
1454,754
956,837
247,400
413,812
895,858
1303,653
305,282
212,570
1292,873
2,488
116,291
